
Cloudlet ID	STATUS	Data centerID	VM ID 	 Tim 	 Start Time	Finish Time	distance(Km)
	4	SUCCESS	3	 2	0.11		0.1	  0.21	              6086.0
	12	SUCCESS	5	 9	0.18		0.1	  0.28	              10168.0
	8	SUCCESS	3	 2	0.11		0.21	  0.32	              2278.0
	1	SUCCESS	3	 1	0.33		0.1	  0.43	              8068.0
	9	SUCCESS	3	 2	0.11		0.32	  0.43	              16576.0
	5	SUCCESS	3	 3	0.33		0.1	  0.43	              8169.0
	11	SUCCESS	4	 6	0.43		0.1	  0.53	              5171.0
	15	SUCCESS	5	 9	0.28		0.28	  0.56	              6186.0
	13	SUCCESS	3	 2	0.16		0.43	  0.59	              14430.0
	2	SUCCESS	4	 4	0.54		0.1	  0.64	              16137.0
	7	SUCCESS	4	 5	0.54		0.1	  0.64	              16013.0
	3	SUCCESS	5	 7	0.57		0.1	  0.67	              9165.0
	21	SUCCESS	4	 4	0.13		0.64	  0.77	              1396.0
	6	SUCCESS	5	 8	0.69		0.1	  0.79	              7603.0
	18	SUCCESS	5	 7	0.23		0.67	  0.9	              14737.0
	19	SUCCESS	3	 2	0.32		0.59	  0.91	              4388.0
	22	SUCCESS	5	 9	0.46		0.56	  1.01	              10469.0
	16	SUCCESS	3	 1	0.59		0.43	  1.02	              8626.0
	10	SUCCESS	3	 3	0.59		0.43	  1.02	              6211.0
	20	SUCCESS	5	 8	0.33		0.79	  1.12	              9980.0
	17	SUCCESS	4	 6	0.6		0.53	  1.13	              9777.0
	24	SUCCESS	4	 4	0.47		0.77	  1.24	              10462.0
	14	SUCCESS	4	 5	0.6		0.64	  1.24	              14526.0
	28	SUCCESS	3	 1	0.24		1.02	  1.26	              9113.0
	27	SUCCESS	3	 2	0.35		0.91	  1.26	              6231.0
	37	SUCCESS	5	 9	0.35		1.01	  1.37	              9068.0
	31	SUCCESS	3	 1	0.11		1.26	  1.37	              2299.0
	30	SUCCESS	5	 8	0.35		1.12	  1.48	              15640.0
	26	SUCCESS	5	 7	0.68		0.9	  1.59	              9898.0
	45	SUCCESS	5	 9	0.22		1.37	  1.59	              9385.0
	36	SUCCESS	3	 2	0.36		1.26	  1.63	              7407.0
	34	SUCCESS	3	 1	0.36		1.37	  1.74	              5248.0
	52	SUCCESS	5	 9	0.22		1.59	  1.81	              5344.0
	35	SUCCESS	4	 4	0.6		1.24	  1.84	              15190.0
	23	SUCCESS	3	 3	0.83		1.02	  1.85	              10015.0
	67	SUCCESS	5	 9	0.11		1.81	  1.92	              13865.0
	25	SUCCESS	4	 5	0.71		1.24	  1.95	              5773.0
	29	SUCCESS	4	 6	0.82		1.13	  1.95	              6391.0
	49	SUCCESS	3	 2	0.33		1.63	  1.96	              14168.0
	41	SUCCESS	5	 7	0.44		1.59	  2.03	              10460.0
	68	SUCCESS	5	 9	0.11		1.92	  2.03	              11031.0
	38	SUCCESS	4	 5	0.11		1.95	  2.06	              17256.0
	53	SUCCESS	3	 2	0.18		1.96	  2.14	              8961.0
	33	SUCCESS	5	 8	0.66		1.48	  2.14	              10265.0
	40	SUCCESS	4	 5	0.17		2.06	  2.23	              5470.0
	62	SUCCESS	3	 2	0.11		2.14	  2.25	              6346.0
	32	SUCCESS	3	 3	0.4		1.85	  2.25	              19540.0
	70	SUCCESS	5	 9	0.25		2.03	  2.28	              10899.0
	43	SUCCESS	3	 1	0.63		1.74	  2.36	              5071.0
	50	SUCCESS	4	 4	0.53		1.84	  2.37	              2243.0
	44	SUCCESS	5	 8	0.25		2.14	  2.39	              7920.0
	48	SUCCESS	5	 7	0.48		2.03	  2.51	              11423.0
	55	SUCCESS	3	 1	0.16		2.36	  2.52	              10401.0
	46	SUCCESS	4	 6	0.58		1.95	  2.53	              3958.0
	51	SUCCESS	5	 8	0.23		2.39	  2.62	              8126.0
	66	SUCCESS	3	 2	0.38		2.25	  2.63	              8383.0
	39	SUCCESS	3	 3	0.38		2.25	  2.63	              1271.0
	57	SUCCESS	4	 6	0.11		2.53	  2.64	              10496.0
	82	SUCCESS	5	 9	0.45		2.28	  2.73	              17304.0
	65	SUCCESS	4	 4	0.4		2.37	  2.77	              9839.0
	78	SUCCESS	3	 2	0.18		2.63	  2.81	              7145.0
	54	SUCCESS	5	 8	0.22		2.62	  2.84	              14337.0
	79	SUCCESS	4	 4	0.15		2.77	  2.92	              3205.0
	64	SUCCESS	3	 1	0.4		2.52	  2.92	              7365.0
	42	SUCCESS	4	 5	0.8		2.23	  3.03	              14862.0
	63	SUCCESS	5	 7	0.55		2.51	  3.06	              12592.0
	81	SUCCESS	4	 4	0.22		2.92	  3.14	              7758.0
	56	SUCCESS	4	 5	0.11		3.03	  3.14	              6491.0
	61	SUCCESS	4	 6	0.5		2.64	  3.14	              2257.0
	94	SUCCESS	5	 9	0.47		2.73	  3.2	              9295.0
	84	SUCCESS	3	 2	0.49		2.81	  3.3	              3002.0
	86	SUCCESS	4	 4	0.23		3.14	  3.37	              15079.0
	60	SUCCESS	5	 8	0.54		2.84	  3.38	              17803.0
	107	SUCCESS	5	 9	0.18		3.2	  3.38	              4374.0
	47	SUCCESS	3	 3	0.78		2.63	  3.41	              13586.0
	76	SUCCESS	4	 6	0.34		3.14	  3.48	              12928.0
	75	SUCCESS	5	 7	0.42		3.06	  3.49	              9773.0
	73	SUCCESS	3	 1	0.6		2.92	  3.52	              15287.0
	88	SUCCESS	4	 4	0.22		3.37	  3.59	              6552.0
	59	SUCCESS	4	 5	0.45		3.14	  3.59	              11137.0
	74	SUCCESS	5	 8	0.22		3.38	  3.6	              1430.0
	69	SUCCESS	4	 5	0.12		3.59	  3.71	              17737.0
	113	SUCCESS	5	 9	0.42		3.38	  3.79	              9688.0
	93	SUCCESS	4	 4	0.23		3.59	  3.82	              4311.0
	95	SUCCESS	3	 2	0.53		3.3	  3.83	              8969.0
	133	SUCCESS	5	 9	0.11		3.79	  3.9	              8684.0
	91	SUCCESS	3	 1	0.42		3.52	  3.94	              14902.0
	85	SUCCESS	5	 7	0.54		3.49	  4.02	              9571.0
	58	SUCCESS	3	 3	0.64		3.41	  4.05	              6801.0
	83	SUCCESS	4	 6	0.63		3.48	  4.1	              9630.0
	77	SUCCESS	5	 8	0.54		3.6	  4.13	              8285.0
	116	SUCCESS	3	 2	0.33		3.83	  4.16	              15539.0
	97	SUCCESS	4	 4	0.4		3.82	  4.21	              8787.0
	137	SUCCESS	5	 9	0.34		3.9	  4.24	              9484.0
	118	SUCCESS	3	 2	0.15		4.16	  4.31	              15462.0
	96	SUCCESS	4	 6	0.22		4.1	  4.32	              14752.0
	99	SUCCESS	3	 1	0.48		3.94	  4.42	              2232.0
	72	SUCCESS	3	 3	0.37		4.05	  4.42	              14413.0
	104	SUCCESS	4	 4	0.22		4.21	  4.43	              15817.0
	100	SUCCESS	5	 7	0.45		4.02	  4.48	              10304.0
	123	SUCCESS	3	 2	0.22		4.31	  4.53	              10710.0
	71	SUCCESS	4	 5	0.84		3.71	  4.54	              4091.0
	143	SUCCESS	5	 9	0.34		4.24	  4.59	              7924.0
	109	SUCCESS	4	 4	0.22		4.43	  4.65	              16996.0
	80	SUCCESS	3	 3	0.33		4.42	  4.75	              9041.0
	114	SUCCESS	4	 4	0.11		4.65	  4.76	              7815.0
	98	SUCCESS	4	 6	0.44		4.32	  4.76	              6889.0
	156	SUCCESS	5	 9	0.18		4.59	  4.77	              11914.0
	108	SUCCESS	5	 7	0.4		4.48	  4.88	              9108.0
	90	SUCCESS	5	 8	0.75		4.13	  4.88	              5502.0
	158	SUCCESS	5	 9	0.11		4.77	  4.88	              9237.0
	132	SUCCESS	3	 2	0.41		4.53	  4.94	              5702.0
	115	SUCCESS	4	 4	0.28		4.76	  5.04	              6413.0
	110	SUCCESS	3	 1	0.63		4.42	  5.05	              17388.0
	122	SUCCESS	5	 7	0.24		4.88	  5.12	              7262.0
	147	SUCCESS	3	 2	0.27		4.94	  5.2	              5815.0
	105	SUCCESS	4	 6	0.44		4.76	  5.2	              9141.0
	164	SUCCESS	5	 9	0.35		4.88	  5.23	              6915.0
	89	SUCCESS	4	 5	0.77		4.54	  5.31	              15812.0
	87	SUCCESS	3	 3	0.59		4.75	  5.34	              19072.0
	103	SUCCESS	5	 8	0.46		4.88	  5.34	              13851.0
	128	SUCCESS	4	 4	0.38		5.04	  5.42	              9154.0
	129	SUCCESS	3	 1	0.4		5.05	  5.45	              10997.0
	126	SUCCESS	5	 7	0.33		5.12	  5.45	              11818.0
	117	SUCCESS	4	 6	0.33		5.2	  5.53	              10866.0
	171	SUCCESS	5	 9	0.33		5.23	  5.56	              6972.0
	92	SUCCESS	3	 3	0.29		5.34	  5.63	              16539.0
	112	SUCCESS	5	 8	0.33		5.34	  5.67	              14320.0
	127	SUCCESS	4	 6	0.15		5.53	  5.68	              13952.0
	154	SUCCESS	3	 2	0.53		5.2	  5.74	              10341.0
	180	SUCCESS	5	 9	0.22		5.56	  5.78	              12604.0
	101	SUCCESS	4	 5	0.48		5.31	  5.79	              2072.0
	134	SUCCESS	5	 7	0.44		5.45	  5.89	              9131.0
	119	SUCCESS	5	 8	0.22		5.67	  5.89	              14830.0
	165	SUCCESS	3	 2	0.25		5.74	  5.99	              5452.0
	189	SUCCESS	5	 9	0.22		5.78	  6	              15360.0
	135	SUCCESS	4	 4	0.63		5.42	  6.06	              6384.0
	138	SUCCESS	3	 1	0.65		5.45	  6.1	              6201.0
	169	SUCCESS	3	 2	0.11		5.99	  6.1	              8809.0
	102	SUCCESS	3	 3	0.47		5.63	  6.1	              11977.0
	141	SUCCESS	5	 7	0.22		5.89	  6.11	              13203.0
	124	SUCCESS	5	 8	0.22		5.89	  6.11	              16320.0
	191	SUCCESS	5	 9	0.22		6	  6.22	              9963.0
	111	SUCCESS	4	 5	0.45		5.79	  6.25	              5336.0
	131	SUCCESS	4	 6	0.56		5.68	  6.25	              4270.0
	197	SUCCESS	5	 9	0.11		6.22	  6.33	              9781.0
	148	SUCCESS	4	 4	0.38		6.06	  6.44	              15804.0
	130	SUCCESS	5	 8	0.42		6.11	  6.54	              6108.0
	149	SUCCESS	3	 1	0.46		6.1	  6.56	              12291.0
	173	SUCCESS	3	 2	0.57		6.1	  6.67	              7049.0
	198	SUCCESS	5	 9	0.36		6.33	  6.69	              13123.0
	161	SUCCESS	4	 4	0.26		6.44	  6.7	              4849.0
	145	SUCCESS	5	 7	0.69		6.11	  6.8	              7459.0
	144	SUCCESS	4	 6	0.57		6.25	  6.81	              4169.0
	106	SUCCESS	3	 3	0.75		6.1	  6.85	              14524.0
	166	SUCCESS	4	 4	0.22		6.7	  6.92	              4319.0
	120	SUCCESS	4	 5	0.68		6.25	  6.92	              1960.0
	121	SUCCESS	3	 3	0.17		6.85	  7.02	              16759.0
	150	SUCCESS	4	 6	0.3		6.81	  7.11	              6452.0
	214	SUCCESS	5	 9	0.43		6.69	  7.12	              6353.0
	159	SUCCESS	3	 1	0.57		6.56	  7.13	              13990.0
	139	SUCCESS	5	 8	0.69		6.54	  7.23	              9710.0
	193	SUCCESS	3	 2	0.57		6.67	  7.24	              12306.0
	151	SUCCESS	5	 8	0.11		7.23	  7.34	              11477.0
	228	SUCCESS	5	 9	0.22		7.12	  7.34	              6319.0
	125	SUCCESS	3	 3	0.41		7.02	  7.43	              4994.0
	160	SUCCESS	5	 7	0.66		6.8	  7.46	              12067.0
	168	SUCCESS	4	 4	0.54		6.92	  7.46	              6915.0
	179	SUCCESS	3	 1	0.41		7.13	  7.54	              13043.0
	206	SUCCESS	3	 2	0.3		7.24	  7.54	              9724.0
	234	SUCCESS	5	 9	0.23		7.34	  7.57	              12349.0
	140	SUCCESS	4	 5	0.75		6.92	  7.67	              10472.0
	240	SUCCESS	5	 9	0.11		7.57	  7.68	              4595.0
	155	SUCCESS	4	 6	0.67		7.11	  7.78	              13426.0
	174	SUCCESS	5	 7	0.33		7.46	  7.79	              15786.0
	146	SUCCESS	4	 5	0.22		7.67	  7.89	              11275.0
	183	SUCCESS	5	 7	0.14		7.79	  7.93	              12725.0
	213	SUCCESS	3	 2	0.4		7.54	  7.94	              13382.0
	247	SUCCESS	5	 9	0.36		7.68	  8.04	              12928.0
	136	SUCCESS	3	 3	0.62		7.43	  8.05	              7248.0
	184	SUCCESS	4	 4	0.64		7.46	  8.1	              7350.0
	152	SUCCESS	5	 8	0.81		7.34	  8.15	              9436.0
	182	SUCCESS	3	 1	0.64		7.54	  8.18	              10631.0
	172	SUCCESS	4	 6	0.44		7.78	  8.22	              12982.0
	186	SUCCESS	5	 7	0.33		7.93	  8.26	              9286.0
	255	SUCCESS	5	 9	0.22		8.04	  8.26	              15963.0
	199	SUCCESS	3	 1	0.11		8.18	  8.29	              8090.0
	225	SUCCESS	3	 2	0.46		7.94	  8.4	              3403.0
	153	SUCCESS	4	 5	0.55		7.89	  8.44	              4598.0
	192	SUCCESS	5	 7	0.3		8.26	  8.56	              9753.0
	196	SUCCESS	4	 4	0.47		8.1	  8.57	              18327.0
	259	SUCCESS	5	 9	0.41		8.26	  8.67	              10203.0
	181	SUCCESS	4	 6	0.46		8.22	  8.68	              4961.0
	235	SUCCESS	3	 2	0.3		8.4	  8.7	              7783.0
	167	SUCCESS	5	 8	0.63		8.15	  8.78	              17856.0
	202	SUCCESS	3	 1	0.52		8.29	  8.81	              7034.0
	211	SUCCESS	4	 4	0.26		8.57	  8.83	              9793.0
	176	SUCCESS	5	 8	0.14		8.78	  8.92	              9071.0
	142	SUCCESS	3	 3	0.87		8.05	  8.92	              7230.0
	272	SUCCESS	5	 9	0.36		8.67	  9.03	              10251.0
	246	SUCCESS	3	 2	0.33		8.7	  9.03	              5083.0
	220	SUCCESS	4	 4	0.24		8.83	  9.07	              11328.0
	204	SUCCESS	5	 7	0.58		8.56	  9.14	              10031.0
	256	SUCCESS	3	 2	0.11		9.03	  9.14	              17474.0
	162	SUCCESS	4	 5	0.74		8.44	  9.18	              3899.0
	194	SUCCESS	4	 6	0.5		8.68	  9.18	              15251.0
	178	SUCCESS	5	 8	0.33		8.92	  9.25	              11670.0
	216	SUCCESS	3	 1	0.44		8.81	  9.25	              12898.0
	157	SUCCESS	3	 3	0.33		8.92	  9.25	              10983.0
	185	SUCCESS	5	 8	0.11		9.25	  9.36	              9298.0
	283	SUCCESS	5	 9	0.33		9.03	  9.36	              9872.0
	227	SUCCESS	3	 1	0.11		9.25	  9.36	              12218.0
	175	SUCCESS	4	 5	0.19		9.18	  9.37	              11719.0
	258	SUCCESS	3	 2	0.33		9.14	  9.47	              16888.0
	203	SUCCESS	4	 6	0.3		9.18	  9.48	              3785.0
	218	SUCCESS	5	 7	0.44		9.14	  9.58	              12190.0
	229	SUCCESS	3	 1	0.22		9.36	  9.58	              13274.0
	226	SUCCESS	4	 4	0.52		9.07	  9.59	              10369.0
	187	SUCCESS	5	 8	0.35		9.36	  9.7	              9966.0
	231	SUCCESS	3	 1	0.13		9.58	  9.72	              8557.0
	177	SUCCESS	4	 5	0.44		9.37	  9.8	              12191.0
	288	SUCCESS	5	 9	0.46		9.36	  9.81	              6513.0
	267	SUCCESS	3	 2	0.42		9.47	  9.89	              6722.0
	207	SUCCESS	4	 6	0.44		9.48	  9.91	              10402.0
	302	SUCCESS	5	 9	0.11		9.81	  9.92	              7322.0
	163	SUCCESS	3	 3	0.75		9.25	  10	              15299.0
	238	SUCCESS	3	 1	0.41		9.72	  10.13	              17281.0
	195	SUCCESS	5	 8	0.45		9.7	  10.15	              15648.0
	241	SUCCESS	4	 4	0.56		9.59	  10.15	              13475.0
	224	SUCCESS	5	 7	0.68		9.58	  10.26	              10270.0
	208	SUCCESS	5	 8	0.11		10.15	  10.26	              11213.0
	215	SUCCESS	4	 6	0.38		9.91	  10.29	              9335.0
	278	SUCCESS	3	 2	0.4		9.89	  10.29	              5114.0
	310	SUCCESS	5	 9	0.45		9.92	  10.38	              6125.0
	190	SUCCESS	4	 5	0.65		9.8	  10.46	              15942.0
	290	SUCCESS	3	 2	0.29		10.29	  10.59	              11359.0
	323	SUCCESS	5	 9	0.24		10.38	  10.61	              11132.0
	170	SUCCESS	3	 3	0.7		10	  10.7	              6832.0
	201	SUCCESS	4	 5	0.26		10.46	  10.71	              5005.0
	243	SUCCESS	5	 7	0.47		10.26	  10.73	              11391.0
	249	SUCCESS	3	 1	0.69		10.13	  10.81	              5361.0
	254	SUCCESS	4	 4	0.67		10.15	  10.82	              4239.0
	330	SUCCESS	5	 9	0.22		10.61	  10.84	              5811.0
	265	SUCCESS	3	 1	0.11		10.81	  10.92	              9465.0
	222	SUCCESS	4	 6	0.64		10.29	  10.93	              6027.0
	253	SUCCESS	5	 7	0.22		10.73	  10.95	              17368.0
	209	SUCCESS	5	 8	0.69		10.26	  10.95	              9748.0
	336	SUCCESS	5	 9	0.11		10.84	  10.95	              8260.0
	298	SUCCESS	3	 2	0.44		10.59	  11.03	              5237.0
	257	SUCCESS	5	 7	0.11		10.95	  11.06	              10646.0
	205	SUCCESS	4	 5	0.42		10.71	  11.13	              6795.0
	311	SUCCESS	3	 2	0.11		11.03	  11.14	              7483.0
	340	SUCCESS	5	 9	0.27		10.95	  11.22	              10992.0
	223	SUCCESS	5	 8	0.38		10.95	  11.33	              2167.0
	312	SUCCESS	3	 2	0.21		11.14	  11.35	              9781.0
	271	SUCCESS	4	 4	0.56		10.82	  11.38	              6180.0
	236	SUCCESS	4	 6	0.45		10.93	  11.38	              12458.0
	348	SUCCESS	5	 9	0.22		11.22	  11.44	              4820.0
	212	SUCCESS	4	 5	0.36		11.13	  11.49	              12705.0
	232	SUCCESS	5	 8	0.22		11.33	  11.55	              8142.0
	270	SUCCESS	3	 1	0.64		10.92	  11.56	              8046.0
	264	SUCCESS	5	 7	0.6		11.06	  11.66	              15171.0
	357	SUCCESS	5	 9	0.22		11.44	  11.66	              13037.0
	188	SUCCESS	3	 3	0.97		10.7	  11.67	              12893.0
	282	SUCCESS	4	 4	0.3		11.38	  11.69	              16752.0
	321	SUCCESS	3	 2	0.43		11.35	  11.78	              13207.0
	281	SUCCESS	3	 1	0.33		11.56	  11.89	              13316.0
	292	SUCCESS	4	 4	0.26		11.69	  11.94	              11491.0
	360	SUCCESS	5	 9	0.29		11.66	  11.95	              9712.0
	327	SUCCESS	3	 2	0.22		11.78	  12	              6894.0
	217	SUCCESS	4	 5	0.56		11.49	  12.05	              17188.0
	250	SUCCESS	4	 6	0.67		11.38	  12.05	              18459.0
	273	SUCCESS	5	 7	0.4		11.66	  12.06	              7598.0
	200	SUCCESS	3	 3	0.44		11.67	  12.11	              15494.0
	237	SUCCESS	5	 8	0.62		11.55	  12.17	              7201.0
	372	SUCCESS	5	 9	0.22		11.95	  12.17	              9711.0
	266	SUCCESS	4	 6	0.16		12.05	  12.22	              8475.0
	291	SUCCESS	3	 1	0.33		11.89	  12.22	              19097.0
	334	SUCCESS	3	 2	0.22		12	  12.22	              14357.0
	335	SUCCESS	3	 2	0.19		12.22	  12.41	              1812.0
	230	SUCCESS	4	 5	0.46		12.05	  12.52	              11633.0
	280	SUCCESS	5	 7	0.48		12.06	  12.54	              10816.0
	297	SUCCESS	4	 4	0.68		11.94	  12.63	              9004.0
	377	SUCCESS	5	 9	0.48		12.17	  12.65	              8431.0
	210	SUCCESS	3	 3	0.55		12.11	  12.67	              1460.0
	294	SUCCESS	3	 1	0.55		12.22	  12.78	              9970.0
	390	SUCCESS	5	 9	0.13		12.65	  12.78	              14892.0
	268	SUCCESS	4	 6	0.67		12.22	  12.89	              18355.0
	341	SUCCESS	3	 2	0.48		12.41	  12.89	              8442.0
	219	SUCCESS	3	 3	0.22		12.67	  12.89	              8607.0
	251	SUCCESS	5	 8	0.72		12.17	  12.89	              4207.0
	317	SUCCESS	4	 4	0.37		12.63	  13	              6628.0
	239	SUCCESS	4	 5	0.48		12.52	  13	              6562.0
	394	SUCCESS	5	 9	0.22		12.78	  13.01	              9203.0
	296	SUCCESS	5	 7	0.57		12.54	  13.12	              3665.0
	403	SUCCESS	5	 9	0.22		13.01	  13.23	              13925.0
	313	SUCCESS	3	 1	0.47		12.78	  13.25	              11518.0
	279	SUCCESS	4	 6	0.41		12.89	  13.3	              4684.0
	305	SUCCESS	5	 7	0.22		13.12	  13.34	              11917.0
	352	SUCCESS	3	 2	0.53		12.89	  13.42	              6594.0
	269	SUCCESS	5	 8	0.57		12.89	  13.46	              16122.0
	248	SUCCESS	4	 5	0.47		13	  13.47	              14359.0
	320	SUCCESS	4	 4	0.58		13	  13.58	              15404.0
	221	SUCCESS	3	 3	0.71		12.89	  13.6	              14944.0
	286	SUCCESS	4	 6	0.39		13.3	  13.69	              7910.0
	409	SUCCESS	5	 9	0.47		13.23	  13.7	              11636.0
	233	SUCCESS	3	 3	0.2		13.6	  13.8	              6368.0
	260	SUCCESS	4	 5	0.36		13.47	  13.83	              4902.0
	315	SUCCESS	5	 7	0.56		13.34	  13.9	              17489.0
	322	SUCCESS	3	 1	0.66		13.25	  13.91	              7113.0
	369	SUCCESS	3	 2	0.49		13.42	  13.91	              17983.0
	295	SUCCESS	4	 6	0.25		13.69	  13.94	              14098.0
	242	SUCCESS	3	 3	0.22		13.8	  14.02	              9499.0
	421	SUCCESS	5	 9	0.41		13.7	  14.11	              10477.0
	333	SUCCESS	4	 4	0.57		13.58	  14.15	              6687.0
	244	SUCCESS	3	 3	0.16		14.02	  14.18	              13350.0
	277	SUCCESS	5	 8	0.76		13.46	  14.22	              11300.0
	263	SUCCESS	4	 5	0.43		13.83	  14.26	              14834.0
	301	SUCCESS	4	 6	0.32		13.94	  14.26	              2383.0
	381	SUCCESS	3	 2	0.4		13.91	  14.3	              6603.0
	436	SUCCESS	5	 9	0.22		14.11	  14.33	              16490.0
	350	SUCCESS	4	 4	0.22		14.15	  14.37	              15856.0
	337	SUCCESS	3	 1	0.51		13.91	  14.41	              7722.0
	287	SUCCESS	5	 8	0.22		14.22	  14.44	              10113.0
	275	SUCCESS	4	 5	0.22		14.26	  14.48	              8396.0
	308	SUCCESS	4	 6	0.22		14.26	  14.48	              16091.0
	245	SUCCESS	3	 3	0.34		14.18	  14.52	              8972.0
	326	SUCCESS	5	 7	0.66		13.9	  14.55	              12626.0
	349	SUCCESS	3	 1	0.22		14.41	  14.63	              7039.0
	441	SUCCESS	5	 9	0.33		14.33	  14.66	              3893.0
	355	SUCCESS	4	 4	0.3		14.37	  14.67	              11401.0
	356	SUCCESS	3	 1	0.17		14.63	  14.81	              11265.0
	293	SUCCESS	5	 8	0.43		14.44	  14.87	              9777.0
	391	SUCCESS	3	 2	0.61		14.3	  14.92	              7883.0
	338	SUCCESS	5	 7	0.43		14.55	  14.98	              14388.0
	299	SUCCESS	5	 8	0.11		14.87	  14.98	              7342.0
	361	SUCCESS	3	 1	0.22		14.81	  15.03	              8747.0
	314	SUCCESS	4	 6	0.57		14.48	  15.05	              14052.0
	448	SUCCESS	5	 9	0.43		14.66	  15.09	              15163.0
	404	SUCCESS	3	 2	0.22		14.92	  15.14	              4920.0
	252	SUCCESS	3	 3	0.61		14.52	  15.14	              9798.0
	276	SUCCESS	4	 5	0.68		14.48	  15.16	              12959.0
	346	SUCCESS	5	 7	0.22		14.98	  15.2	              16795.0
	300	SUCCESS	5	 8	0.22		14.98	  15.2	              17621.0
	365	SUCCESS	4	 4	0.6		14.67	  15.27	              1593.0
	324	SUCCESS	4	 6	0.22		15.05	  15.27	              12336.0
	462	SUCCESS	5	 9	0.23		15.09	  15.33	              10043.0
	285	SUCCESS	4	 5	0.22		15.16	  15.38	              16863.0
	261	SUCCESS	3	 3	0.27		15.14	  15.4	              9189.0
	382	SUCCESS	4	 4	0.23		15.27	  15.5	              8541.0
	366	SUCCESS	3	 1	0.49		15.03	  15.51	              13975.0
	411	SUCCESS	3	 2	0.38		15.14	  15.51	              9683.0
	307	SUCCESS	5	 8	0.34		15.2	  15.54	              11018.0
	328	SUCCESS	4	 6	0.34		15.27	  15.61	              9357.0
	351	SUCCESS	5	 7	0.45		15.2	  15.65	              6109.0
	318	SUCCESS	5	 8	0.22		15.54	  15.76	              7390.0
	477	SUCCESS	5	 9	0.43		15.33	  15.76	              10887.0
	384	SUCCESS	4	 4	0.3		15.5	  15.8	              2230.0
	418	SUCCESS	3	 2	0.37		15.51	  15.88	              10378.0
	331	SUCCESS	4	 6	0.3		15.61	  15.91	              6229.0
	376	SUCCESS	3	 1	0.48		15.51	  15.99	              14948.0
	262	SUCCESS	3	 3	0.59		15.4	  15.99	              11585.0
	289	SUCCESS	4	 5	0.64		15.38	  16.02	              8163.0
	493	SUCCESS	5	 9	0.28		15.76	  16.03	              8553.0
	342	SUCCESS	4	 6	0.22		15.91	  16.13	              4584.0
	496	SUCCESS	5	 9	0.11		16.03	  16.14	              3868.0
	426	SUCCESS	3	 2	0.28		15.88	  16.16	              10111.0
	392	SUCCESS	4	 4	0.44		15.8	  16.24	              6587.0
	304	SUCCESS	4	 5	0.22		16.02	  16.24	              16927.0
	364	SUCCESS	5	 7	0.67		15.65	  16.31	              8561.0
	497	SUCCESS	5	 9	0.3		16.14	  16.44	              8242.0
	385	SUCCESS	3	 1	0.48		15.99	  16.47	              15435.0
	306	SUCCESS	4	 5	0.25		16.24	  16.49	              13765.0
	380	SUCCESS	5	 7	0.24		16.31	  16.55	              15792.0
	319	SUCCESS	5	 8	0.79		15.76	  16.55	              11912.0
	434	SUCCESS	3	 2	0.42		16.16	  16.58	              13610.0
	511	SUCCESS	5	 9	0.25		16.44	  16.69	              7433.0
	343	SUCCESS	4	 6	0.67		16.13	  16.8	              11897.0
	383	SUCCESS	5	 7	0.29		16.55	  16.84	              8193.0
	274	SUCCESS	3	 3	0.88		15.99	  16.87	              11305.0
	401	SUCCESS	4	 4	0.67		16.24	  16.91	              4357.0
	521	SUCCESS	5	 9	0.28		16.69	  16.97	              7514.0
	443	SUCCESS	3	 2	0.4		16.58	  16.98	              12771.0
	393	SUCCESS	5	 7	0.23		16.84	  17.08	              11588.0
	402	SUCCESS	3	 1	0.62		16.47	  17.09	              3747.0
	358	SUCCESS	4	 6	0.35		16.8	  17.15	              18423.0
	332	SUCCESS	5	 8	0.64		16.55	  17.19	              16767.0
	525	SUCCESS	5	 9	0.22		16.97	  17.19	              7386.0
	454	SUCCESS	3	 2	0.22		16.98	  17.2	              7781.0
	309	SUCCESS	4	 5	0.77		16.49	  17.27	              7161.0
	456	SUCCESS	3	 2	0.18		17.2	  17.37	              6446.0
	368	SUCCESS	4	 6	0.23		17.15	  17.38	              11605.0
	396	SUCCESS	5	 7	0.37		17.08	  17.45	              13159.0
	412	SUCCESS	3	 1	0.4		17.09	  17.48	              13885.0
	417	SUCCESS	4	 4	0.58		16.91	  17.49	              11270.0
	530	SUCCESS	5	 9	0.37		17.19	  17.56	              5355.0
	422	SUCCESS	3	 1	0.11		17.48	  17.59	              8162.0
	464	SUCCESS	3	 2	0.22		17.37	  17.59	              8782.0
	371	SUCCESS	4	 6	0.29		17.38	  17.66	              10481.0
	344	SUCCESS	5	 8	0.48		17.19	  17.67	              10859.0
	284	SUCCESS	3	 3	0.84		16.87	  17.7	              11176.0
	405	SUCCESS	5	 7	0.33		17.45	  17.78	              10871.0
	540	SUCCESS	5	 9	0.22		17.56	  17.78	              10266.0
	423	SUCCESS	3	 1	0.23		17.59	  17.82	              15379.0
	425	SUCCESS	3	 1	0.11		17.82	  17.93	              12583.0
	469	SUCCESS	3	 2	0.34		17.59	  17.93	              8791.0
	325	SUCCESS	4	 5	0.67		17.27	  17.94	              9316.0
	429	SUCCESS	4	 4	0.56		17.49	  18.05	              17520.0
	546	SUCCESS	5	 9	0.28		17.78	  18.06	              13079.0
	475	SUCCESS	3	 2	0.18		17.93	  18.11	              5388.0
	439	SUCCESS	4	 4	0.12		18.05	  18.17	              11941.0
	354	SUCCESS	5	 8	0.5		17.67	  18.17	              8868.0
	378	SUCCESS	4	 6	0.66		17.66	  18.33	              13307.0
	367	SUCCESS	5	 8	0.18		18.17	  18.35	              9883.0
	485	SUCCESS	3	 2	0.34		18.11	  18.45	              7580.0
	413	SUCCESS	5	 7	0.68		17.78	  18.46	              5709.0
	555	SUCCESS	5	 9	0.4		18.06	  18.46	              14183.0
	339	SUCCESS	4	 5	0.57		17.94	  18.51	              10657.0
	431	SUCCESS	3	 1	0.64		17.93	  18.56	              3468.0
	567	SUCCESS	5	 9	0.13		18.46	  18.59	              6686.0
	388	SUCCESS	4	 6	0.31		18.33	  18.63	              10724.0
	303	SUCCESS	3	 3	0.97		17.7	  18.67	              8796.0
	370	SUCCESS	5	 8	0.35		18.35	  18.7	              11243.0
	574	SUCCESS	5	 9	0.11		18.59	  18.7	              9684.0
	347	SUCCESS	4	 5	0.24		18.51	  18.74	              9668.0
	440	SUCCESS	3	 1	0.28		18.56	  18.85	              9909.0
	445	SUCCESS	4	 4	0.68		18.17	  18.85	              4760.0
	427	SUCCESS	5	 7	0.39		18.46	  18.86	              11419.0
	494	SUCCESS	3	 2	0.5		18.45	  18.96	              6242.0
	450	SUCCESS	3	 1	0.22		18.85	  19.07	              6674.0
	576	SUCCESS	5	 9	0.45		18.7	  19.15	              12744.0
	398	SUCCESS	4	 6	0.54		18.63	  19.17	              13962.0
	506	SUCCESS	3	 2	0.22		18.96	  19.18	              10472.0
	375	SUCCESS	5	 8	0.56		18.7	  19.26	              13279.0
	353	SUCCESS	4	 5	0.54		18.74	  19.28	              12738.0
	510	SUCCESS	3	 2	0.12		19.18	  19.3	              14062.0
	591	SUCCESS	5	 9	0.22		19.15	  19.37	              10636.0
	451	SUCCESS	3	 1	0.34		19.07	  19.41	              6666.0
	455	SUCCESS	4	 4	0.58		18.85	  19.43	              12526.0
	433	SUCCESS	5	 7	0.66		18.86	  19.52	              11825.0
	316	SUCCESS	3	 3	0.85		18.67	  19.52	              4072.0
	513	SUCCESS	3	 2	0.33		19.3	  19.63	              5772.0
	470	SUCCESS	4	 4	0.28		19.43	  19.72	              8677.0
	594	SUCCESS	5	 9	0.37		19.37	  19.74	              8191.0
	460	SUCCESS	3	 1	0.39		19.41	  19.81	              13305.0
	447	SUCCESS	5	 7	0.33		19.52	  19.85	              6949.0
	410	SUCCESS	4	 6	0.68		19.17	  19.86	              415.0
	386	SUCCESS	5	 8	0.7		19.26	  19.96	              9824.0
	610	SUCCESS	5	 9	0.22		19.74	  19.96	              10124.0
	362	SUCCESS	4	 5	0.68		19.28	  19.97	              9986.0
	472	SUCCESS	3	 1	0.22		19.81	  20.03	              5326.0
	613	SUCCESS	5	 9	0.11		19.96	  20.07	              13337.0
	522	SUCCESS	3	 2	0.51		19.63	  20.14	              3570.0
	420	SUCCESS	4	 6	0.36		19.86	  20.22	              8967.0
	479	SUCCESS	4	 4	0.61		19.72	  20.33	              6453.0
	329	SUCCESS	3	 3	0.84		19.52	  20.36	              6395.0
	457	SUCCESS	5	 7	0.52		19.85	  20.37	              6791.0
	532	SUCCESS	3	 2	0.33		20.14	  20.47	              14790.0
	614	SUCCESS	5	 9	0.41		20.07	  20.48	              8516.0
	476	SUCCESS	3	 1	0.61		20.03	  20.64	              12108.0
	400	SUCCESS	5	 8	0.73		19.96	  20.69	              9874.0
	373	SUCCESS	4	 5	0.73		19.97	  20.7	              15090.0
	498	SUCCESS	3	 1	0.11		20.64	  20.75	              8415.0
	627	SUCCESS	5	 9	0.31		20.48	  20.8	              9866.0
	432	SUCCESS	4	 6	0.59		20.22	  20.81	              3006.0
	499	SUCCESS	3	 1	0.11		20.75	  20.86	              8639.0
	538	SUCCESS	3	 2	0.39		20.47	  20.86	              17394.0
	467	SUCCESS	5	 7	0.53		20.37	  20.91	              420.0
	502	SUCCESS	4	 4	0.59		20.33	  20.92	              3832.0
	639	SUCCESS	5	 9	0.22		20.8	  21.02	              7442.0
	345	SUCCESS	3	 3	0.66		20.36	  21.02	              7761.0
	480	SUCCESS	5	 7	0.22		20.91	  21.13	              9027.0
	416	SUCCESS	5	 8	0.44		20.69	  21.13	              2785.0
	387	SUCCESS	4	 5	0.52		20.7	  21.22	              3915.0
	481	SUCCESS	5	 7	0.11		21.13	  21.24	              9134.0
	641	SUCCESS	5	 9	0.22		21.02	  21.24	              7605.0
	500	SUCCESS	3	 1	0.41		20.86	  21.27	              14168.0
	442	SUCCESS	4	 6	0.52		20.81	  21.33	              6434.0
	359	SUCCESS	3	 3	0.36		21.02	  21.38	              4377.0
	419	SUCCESS	5	 8	0.33		21.13	  21.45	              9413.0
	508	SUCCESS	3	 1	0.22		21.27	  21.49	              15951.0
	552	SUCCESS	3	 2	0.63		20.86	  21.49	              10493.0
	509	SUCCESS	4	 4	0.62		20.92	  21.54	              2726.0
	645	SUCCESS	5	 9	0.34		21.24	  21.58	              2213.0
	395	SUCCESS	4	 5	0.43		21.22	  21.65	              9108.0
	452	SUCCESS	4	 6	0.32		21.33	  21.65	              12805.0
	566	SUCCESS	3	 2	0.19		21.49	  21.68	              14005.0
	658	SUCCESS	5	 9	0.15		21.58	  21.73	              17042.0
	572	SUCCESS	3	 2	0.11		21.68	  21.79	              10452.0
	487	SUCCESS	5	 7	0.6		21.24	  21.84	              12148.0
	524	SUCCESS	4	 4	0.42		21.54	  21.96	              3722.0
	516	SUCCESS	3	 1	0.51		21.49	  22	              13462.0
	430	SUCCESS	5	 8	0.57		21.45	  22.02	              13587.0
	406	SUCCESS	4	 5	0.42		21.65	  22.07	              13026.0
	459	SUCCESS	4	 6	0.42		21.65	  22.07	              11244.0
	363	SUCCESS	3	 3	0.73		21.38	  22.11	              5138.0
	504	SUCCESS	5	 7	0.3		21.84	  22.13	              11976.0
	408	SUCCESS	4	 5	0.11		22.07	  22.18	              10246.0
	573	SUCCESS	3	 2	0.43		21.79	  22.22	              12437.0
	662	SUCCESS	5	 9	0.52		21.73	  22.24	              9209.0
	468	SUCCESS	4	 6	0.22		22.07	  22.29	              7280.0
	438	SUCCESS	5	 8	0.33		22.02	  22.35	              10240.0
	585	SUCCESS	3	 2	0.16		22.22	  22.39	              9929.0
	534	SUCCESS	4	 4	0.44		21.96	  22.4	              9016.0
	526	SUCCESS	3	 1	0.49		22	  22.5	              2874.0
	374	SUCCESS	3	 3	0.38		22.11	  22.5	              5860.0
	507	SUCCESS	5	 7	0.38		22.13	  22.52	              15538.0
	675	SUCCESS	5	 9	0.39		22.24	  22.64	              15879.0
	543	SUCCESS	4	 4	0.38		22.4	  22.78	              4709.0
	444	SUCCESS	5	 8	0.42		22.35	  22.78	              9446.0
	535	SUCCESS	3	 1	0.31		22.5	  22.81	              7691.0
	473	SUCCESS	4	 6	0.6		22.29	  22.89	              8501.0
	692	SUCCESS	5	 9	0.25		22.64	  22.89	              16303.0
	586	SUCCESS	3	 2	0.53		22.39	  22.92	              13187.0
	414	SUCCESS	4	 5	0.82		22.18	  23	              14019.0
	696	SUCCESS	5	 9	0.11		22.89	  23	              14147.0
	542	SUCCESS	3	 1	0.22		22.81	  23.03	              5555.0
	379	SUCCESS	3	 3	0.53		22.5	  23.03	              8506.0
	558	SUCCESS	4	 4	0.33		22.78	  23.11	              5217.0
	514	SUCCESS	5	 7	0.59		22.52	  23.11	              7373.0
	597	SUCCESS	3	 2	0.22		22.92	  23.14	              11752.0
	486	SUCCESS	4	 6	0.35		22.89	  23.24	              17214.0
	453	SUCCESS	5	 8	0.46		22.78	  23.24	              11306.0
	701	SUCCESS	5	 9	0.37		23	  23.37	              5662.0
	389	SUCCESS	3	 3	0.37		23.03	  23.4	              10511.0
	523	SUCCESS	5	 7	0.37		23.11	  23.48	              8697.0
	461	SUCCESS	5	 8	0.24		23.24	  23.48	              5977.0
	548	SUCCESS	3	 1	0.48		23.03	  23.51	              15049.0
	603	SUCCESS	3	 2	0.37		23.14	  23.51	              5453.0
	611	SUCCESS	3	 2	0.11		23.51	  23.62	              14574.0
	397	SUCCESS	3	 3	0.22		23.4	  23.62	              7251.0
	560	SUCCESS	4	 4	0.54		23.11	  23.64	              18279.0
	465	SUCCESS	5	 8	0.22		23.48	  23.7	              11583.0
	424	SUCCESS	4	 5	0.76		23	  23.75	              14102.0
	717	SUCCESS	5	 9	0.46		23.37	  23.83	              13550.0
	492	SUCCESS	4	 6	0.63		23.24	  23.86	              7260.0
	559	SUCCESS	3	 1	0.39		23.51	  23.9	              14812.0
	731	SUCCESS	5	 9	0.11		23.83	  23.94	              11724.0
	533	SUCCESS	5	 7	0.57		23.48	  24.05	              5280.0
	736	SUCCESS	5	 9	0.11		23.94	  24.05	              11352.0
	616	SUCCESS	3	 2	0.47		23.62	  24.09	              5029.0
	571	SUCCESS	4	 4	0.45		23.64	  24.09	              2521.0
	505	SUCCESS	4	 6	0.34		23.86	  24.2	              11671.0
	399	SUCCESS	3	 3	0.62		23.62	  24.24	              16032.0
	741	SUCCESS	5	 9	0.22		24.05	  24.26	              15866.0
	568	SUCCESS	3	 1	0.45		23.9	  24.35	              13825.0
	544	SUCCESS	5	 7	0.33		24.05	  24.37	              15979.0
	471	SUCCESS	5	 8	0.78		23.7	  24.48	              12527.0
	626	SUCCESS	3	 2	0.41		24.09	  24.49	              9716.0
	554	SUCCESS	5	 7	0.22		24.37	  24.59	              9090.0
	435	SUCCESS	4	 5	0.86		23.75	  24.61	              6602.0
	747	SUCCESS	5	 9	0.44		24.26	  24.7	              13162.0
	407	SUCCESS	3	 3	0.49		24.24	  24.72	              14476.0
	583	SUCCESS	4	 4	0.63		24.09	  24.72	              4860.0
	759	SUCCESS	5	 9	0.13		24.7	  24.83	              14266.0
	518	SUCCESS	4	 6	0.63		24.2	  24.83	              8195.0
	581	SUCCESS	3	 1	0.51		24.35	  24.86	              11333.0
	637	SUCCESS	3	 2	0.47		24.49	  24.97	              7021.0
	767	SUCCESS	5	 9	0.22		24.83	  25.06	              12181.0
	483	SUCCESS	5	 8	0.68		24.48	  25.17	              8505.0
	590	SUCCESS	3	 1	0.33		24.86	  25.19	              8692.0
	449	SUCCESS	4	 5	0.63		24.61	  25.24	              10513.0
	561	SUCCESS	5	 7	0.68		24.59	  25.28	              7363.0
	774	SUCCESS	5	 9	0.22		25.06	  25.28	              8595.0
	528	SUCCESS	4	 6	0.52		24.83	  25.35	              6522.0
	598	SUCCESS	4	 4	0.74		24.72	  25.46	              6095.0
	651	SUCCESS	3	 2	0.56		24.97	  25.52	              10181.0
	415	SUCCESS	3	 3	0.91		24.72	  25.63	              18278.0
	782	SUCCESS	5	 9	0.44		25.28	  25.72	              8523.0
	599	SUCCESS	3	 1	0.56		25.19	  25.74	              17030.0
	570	SUCCESS	5	 7	0.55		25.28	  25.83	              5552.0
	668	SUCCESS	3	 2	0.33		25.52	  25.85	              18898.0
	501	SUCCESS	5	 8	0.77		25.17	  25.94	              10097.0
	463	SUCCESS	4	 5	0.73		25.24	  25.97	              13149.0
	612	SUCCESS	3	 1	0.3		25.74	  26.04	              15062.0
	609	SUCCESS	4	 4	0.62		25.46	  26.08	              4957.0
	536	SUCCESS	4	 6	0.73		25.35	  26.08	              19731.0
	793	SUCCESS	5	 9	0.37		25.72	  26.08	              9036.0
	621	SUCCESS	3	 1	0.11		26.04	  26.15	              3825.0
	805	SUCCESS	5	 9	0.11		26.08	  26.19	              8895.0
	674	SUCCESS	3	 2	0.45		25.85	  26.3	              16019.0
	584	SUCCESS	5	 7	0.48		25.83	  26.3	              10268.0
	810	SUCCESS	5	 9	0.11		26.19	  26.3	              10075.0
	478	SUCCESS	4	 5	0.42		25.97	  26.39	              15159.0
	684	SUCCESS	3	 2	0.11		26.3	  26.41	              14964.0
	428	SUCCESS	3	 3	0.78		25.63	  26.41	              12968.0
	811	SUCCESS	5	 9	0.18		26.3	  26.48	              11373.0
	624	SUCCESS	3	 1	0.37		26.15	  26.52	              3678.0
	488	SUCCESS	4	 5	0.23		26.39	  26.62	              4009.0
	596	SUCCESS	5	 7	0.34		26.3	  26.65	              4962.0
	689	SUCCESS	3	 2	0.25		26.41	  26.66	              14671.0
	623	SUCCESS	4	 4	0.65		26.08	  26.73	              5770.0
	490	SUCCESS	4	 5	0.11		26.62	  26.73	              11814.0
	549	SUCCESS	4	 6	0.65		26.08	  26.73	              9302.0
	517	SUCCESS	5	 8	0.82		25.94	  26.76	              8566.0
	816	SUCCESS	5	 9	0.28		26.48	  26.76	              9813.0
	631	SUCCESS	3	 1	0.25		26.52	  26.77	              13792.0
	698	SUCCESS	3	 2	0.11		26.66	  26.77	              5061.0
	437	SUCCESS	3	 3	0.47		26.41	  26.88	              15349.0
	638	SUCCESS	4	 4	0.17		26.73	  26.91	              2732.0
	825	SUCCESS	5	 9	0.32		26.76	  27.07	              9914.0
	563	SUCCESS	4	 6	0.37		26.73	  27.1	              2808.0
	635	SUCCESS	3	 1	0.34		26.77	  27.11	              9584.0
	601	SUCCESS	5	 7	0.54		26.65	  27.18	              12701.0
	647	SUCCESS	3	 1	0.11		27.11	  27.22	              15204.0
	700	SUCCESS	3	 2	0.45		26.77	  27.22	              6707.0
	569	SUCCESS	4	 6	0.12		27.1	  27.23	              3581.0
	527	SUCCESS	5	 8	0.54		26.76	  27.29	              15248.0
	646	SUCCESS	4	 4	0.43		26.91	  27.34	              6060.0
	713	SUCCESS	3	 2	0.15		27.22	  27.37	              11425.0
	832	SUCCESS	5	 9	0.33		27.07	  27.4	              9152.0
	648	SUCCESS	3	 1	0.26		27.22	  27.48	              4912.0
	617	SUCCESS	5	 7	0.33		27.18	  27.51	              10394.0
	495	SUCCESS	4	 5	0.86		26.73	  27.59	              12427.0
	716	SUCCESS	3	 2	0.26		27.37	  27.63	              7440.0
	842	SUCCESS	5	 9	0.28		27.4	  27.69	              13468.0
	575	SUCCESS	4	 6	0.47		27.23	  27.7	              13398.0
	446	SUCCESS	3	 3	0.86		26.88	  27.74	              9122.0
	625	SUCCESS	5	 7	0.28		27.51	  27.8	              10469.0
	725	SUCCESS	3	 2	0.22		27.63	  27.85	              4747.0
	537	SUCCESS	5	 8	0.61		27.29	  27.91	              12722.0
	652	SUCCESS	4	 4	0.63		27.34	  27.97	              15604.0
	654	SUCCESS	3	 1	0.51		27.48	  27.99	              8075.0
	629	SUCCESS	5	 7	0.22		27.8	  28.02	              10250.0
	550	SUCCESS	5	 8	0.11		27.91	  28.02	              10345.0
	582	SUCCESS	4	 6	0.38		27.7	  28.08	              14459.0
	851	SUCCESS	5	 9	0.44		27.69	  28.13	              13968.0
	588	SUCCESS	4	 6	0.11		28.08	  28.19	              12552.0
	458	SUCCESS	3	 3	0.48		27.74	  28.22	              5941.0
	863	SUCCESS	5	 9	0.11		28.13	  28.24	              10322.0
	515	SUCCESS	4	 5	0.71		27.59	  28.3	              16174.0
	661	SUCCESS	3	 1	0.34		27.99	  28.33	              10301.0
	665	SUCCESS	4	 4	0.44		27.97	  28.41	              4727.0
	735	SUCCESS	3	 2	0.59		27.85	  28.44	              5074.0
	632	SUCCESS	5	 7	0.59		28.02	  28.61	              4711.0
	466	SUCCESS	3	 3	0.42		28.22	  28.64	              5433.0
	551	SUCCESS	5	 8	0.7		28.02	  28.72	              3667.0
	864	SUCCESS	5	 9	0.48		28.24	  28.72	              4373.0
	671	SUCCESS	3	 1	0.42		28.33	  28.75	              11263.0
	593	SUCCESS	4	 6	0.62		28.19	  28.81	              18128.0
	745	SUCCESS	3	 2	0.42		28.44	  28.86	              14173.0
	474	SUCCESS	3	 3	0.22		28.64	  28.86	              12293.0
	602	SUCCESS	4	 6	0.11		28.81	  28.92	              4291.0
	752	SUCCESS	3	 2	0.16		28.86	  29.02	              7160.0
	676	SUCCESS	4	 4	0.62		28.41	  29.03	              15038.0
	520	SUCCESS	4	 5	0.73		28.3	  29.03	              9477.0
	889	SUCCESS	5	 9	0.37		28.72	  29.08	              14290.0
	679	SUCCESS	3	 1	0.38		28.75	  29.13	              13087.0
	482	SUCCESS	3	 3	0.27		28.86	  29.13	              5818.0
	607	SUCCESS	4	 6	0.22		28.92	  29.14	              14767.0
	650	SUCCESS	5	 7	0.6		28.61	  29.21	              10059.0
	763	SUCCESS	3	 2	0.22		29.02	  29.24	              14665.0
	688	SUCCESS	4	 4	0.22		29.03	  29.25	              4117.0
	564	SUCCESS	5	 8	0.6		28.72	  29.32	              11862.0
	686	SUCCESS	3	 1	0.22		29.13	  29.35	              16875.0
	484	SUCCESS	3	 3	0.22		29.13	  29.35	              12757.0
	608	SUCCESS	4	 6	0.22		29.14	  29.36	              3024.0
	660	SUCCESS	5	 7	0.22		29.21	  29.43	              8851.0
	579	SUCCESS	5	 8	0.11		29.32	  29.43	              6510.0
	531	SUCCESS	4	 5	0.46		29.03	  29.49	              528.0
	899	SUCCESS	5	 9	0.45		29.08	  29.54	              12496.0
	489	SUCCESS	3	 3	0.2		29.35	  29.55	              17619.0
	697	SUCCESS	4	 4	0.35		29.25	  29.6	              15713.0
	666	SUCCESS	5	 7	0.22		29.43	  29.65	              6728.0
	768	SUCCESS	3	 2	0.42		29.24	  29.66	              12086.0
	705	SUCCESS	4	 4	0.11		29.6	  29.71	              5965.0
	694	SUCCESS	3	 1	0.42		29.35	  29.77	              9000.0
	541	SUCCESS	4	 5	0.33		29.49	  29.82	              18733.0
	779	SUCCESS	3	 2	0.23		29.66	  29.9	              9301.0
	615	SUCCESS	4	 6	0.6		29.36	  29.96	              16750.0
	580	SUCCESS	5	 8	0.58		29.43	  30	              14056.0
	707	SUCCESS	4	 4	0.36		29.71	  30.07	              15694.0
	670	SUCCESS	5	 7	0.47		29.65	  30.11	              8545.0
	491	SUCCESS	3	 3	0.6		29.55	  30.15	              10257.0
	547	SUCCESS	4	 5	0.36		29.82	  30.18	              2650.0
	628	SUCCESS	4	 6	0.33		29.96	  30.29	              17852.0
	703	SUCCESS	3	 1	0.52		29.77	  30.29	              11947.0
	783	SUCCESS	3	 2	0.51		29.9	  30.4	              14279.0
	587	SUCCESS	5	 8	0.62		30	  30.62	              11905.0
	712	SUCCESS	4	 4	0.61		30.07	  30.69	              16072.0
	798	SUCCESS	3	 2	0.28		30.4	  30.69	              8738.0
	682	SUCCESS	5	 7	0.62		30.11	  30.73	              13181.0
	600	SUCCESS	5	 8	0.11		30.62	  30.73	              5114.0
	634	SUCCESS	4	 6	0.5		30.29	  30.8	              9566.0
	719	SUCCESS	3	 1	0.5		30.29	  30.8	              7463.0
	503	SUCCESS	3	 3	0.64		30.15	  30.8	              15732.0
	801	SUCCESS	3	 2	0.22		30.69	  30.91	              6456.0
	695	SUCCESS	5	 7	0.26		30.73	  30.99	              12204.0
	553	SUCCESS	4	 5	0.82		30.18	  31	              8838.0
	733	SUCCESS	3	 1	0.25		30.8	  31.05	              4207.0
	699	SUCCESS	5	 7	0.11		30.99	  31.1	              5152.0
	734	SUCCESS	4	 4	0.43		30.69	  31.11	              13354.0
	809	SUCCESS	3	 2	0.25		30.91	  31.16	              8909.0
	512	SUCCESS	3	 3	0.47		30.8	  31.27	              13997.0
	640	SUCCESS	4	 6	0.6		30.8	  31.39	              1930.0
	739	SUCCESS	3	 1	0.39		31.05	  31.44	              14547.0
	605	SUCCESS	5	 8	0.75		30.73	  31.49	              2266.0
	565	SUCCESS	4	 5	0.54		31	  31.54	              7503.0
	819	SUCCESS	3	 2	0.42		31.16	  31.58	              7584.0
	704	SUCCESS	5	 7	0.52		31.1	  31.63	              15730.0
	740	SUCCESS	4	 4	0.54		31.11	  31.65	              15725.0
	722	SUCCESS	5	 7	0.13		31.63	  31.76	              9489.0
	753	SUCCESS	4	 4	0.14		31.65	  31.79	              15852.0
	748	SUCCESS	3	 1	0.4		31.44	  31.84	              11120.0
	659	SUCCESS	4	 6	0.51		31.39	  31.9	              15710.0
	663	SUCCESS	4	 6	0.11		31.9	  32.01	              9645.0
	724	SUCCESS	5	 7	0.27		31.76	  32.03	              19591.0
	756	SUCCESS	4	 4	0.34		31.79	  32.12	              18682.0
	667	SUCCESS	4	 6	0.11		32.01	  32.12	              10581.0
	519	SUCCESS	3	 3	0.87		31.27	  32.13	              13541.0
	620	SUCCESS	5	 8	0.75		31.49	  32.23	              6160.0
	828	SUCCESS	3	 2	0.66		31.58	  32.24	              16753.0
	578	SUCCESS	4	 5	0.76		31.54	  32.3	              10575.0
	755	SUCCESS	3	 1	0.52		31.84	  32.35	              19406.0
	729	SUCCESS	5	 7	0.35		32.03	  32.38	              9010.0
	844	SUCCESS	3	 2	0.22		32.24	  32.46	              1749.0
	848	SUCCESS	3	 2	0.11		32.46	  32.57	              6376.0
	673	SUCCESS	4	 6	0.48		32.12	  32.6	              15303.0
	850	SUCCESS	3	 2	0.11		32.57	  32.68	              2393.0
	765	SUCCESS	4	 4	0.59		32.12	  32.71	              13516.0
	529	SUCCESS	3	 3	0.66		32.13	  32.79	              4287.0
	636	SUCCESS	5	 8	0.59		32.23	  32.82	              4558.0
	772	SUCCESS	3	 1	0.59		32.35	  32.95	              10304.0
	643	SUCCESS	5	 8	0.13		32.82	  32.95	              8656.0
	589	SUCCESS	4	 5	0.76		32.3	  33.06	              7942.0
	738	SUCCESS	5	 7	0.68		32.38	  33.06	              10860.0
	856	SUCCESS	3	 2	0.39		32.68	  33.07	              13647.0
	781	SUCCESS	4	 4	0.46		32.71	  33.17	              5138.0
	539	SUCCESS	3	 3	0.39		32.79	  33.18	              11177.0
	680	SUCCESS	4	 6	0.68		32.6	  33.28	              4262.0
	788	SUCCESS	3	 1	0.34		32.95	  33.29	              13563.0
	653	SUCCESS	5	 8	0.34		32.95	  33.3	              12914.0
	865	SUCCESS	3	 2	0.33		33.07	  33.4	              6161.0
	751	SUCCESS	5	 7	0.34		33.06	  33.41	              11759.0
	757	SUCCESS	5	 7	0.11		33.41	  33.52	              14173.0
	874	SUCCESS	3	 2	0.16		33.4	  33.57	              16260.0
	604	SUCCESS	4	 5	0.56		33.06	  33.63	              16502.0
	545	SUCCESS	3	 3	0.49		33.18	  33.68	              14182.0
	789	SUCCESS	4	 4	0.56		33.17	  33.74	              13799.0
	693	SUCCESS	4	 6	0.45		33.28	  33.74	              6745.0
	795	SUCCESS	3	 1	0.51		33.29	  33.8	              15381.0
	556	SUCCESS	3	 3	0.24		33.68	  33.91	              6526.0
	878	SUCCESS	3	 2	0.46		33.57	  34.02	              12149.0
	655	SUCCESS	5	 8	0.74		33.3	  34.03	              5402.0
	807	SUCCESS	3	 1	0.34		33.8	  34.14	              9542.0
	760	SUCCESS	5	 7	0.63		33.52	  34.14	              14998.0
	702	SUCCESS	4	 6	0.54		33.74	  34.28	              3581.0
	672	SUCCESS	5	 8	0.33		34.03	  34.36	              9454.0
	802	SUCCESS	4	 4	0.65		33.74	  34.39	              2153.0
	618	SUCCESS	4	 5	0.76		33.63	  34.39	              4799.0
	557	SUCCESS	3	 3	0.51		33.91	  34.43	              13629.0
	778	SUCCESS	5	 7	0.39		34.14	  34.54	              15353.0
	892	SUCCESS	3	 2	0.56		34.02	  34.59	              10370.0
	786	SUCCESS	5	 7	0.11		34.54	  34.65	              11692.0
	720	SUCCESS	4	 6	0.43		34.28	  34.71	              11727.0
	815	SUCCESS	3	 1	0.6		34.14	  34.74	              7138.0
	817	SUCCESS	4	 4	0.43		34.39	  34.82	              16305.0
	678	SUCCESS	5	 8	0.5		34.36	  34.86	              10190.0
	727	SUCCESS	4	 6	0.22		34.71	  34.93	              10532.0
	787	SUCCESS	5	 7	0.35		34.65	  35	              9990.0
	630	SUCCESS	4	 5	0.77		34.39	  35.16	              15581.0
	562	SUCCESS	3	 3	0.8		34.43	  35.22	              7754.0
	797	SUCCESS	5	 7	0.31		35	  35.31	              11215.0
	826	SUCCESS	4	 4	0.5		34.82	  35.32	              3535.0
	833	SUCCESS	3	 1	0.61		34.74	  35.34	              7436.0
	838	SUCCESS	4	 4	0.11		35.32	  35.43	              13256.0
	644	SUCCESS	4	 5	0.27		35.16	  35.43	              4983.0
	804	SUCCESS	5	 7	0.15		35.31	  35.46	              5853.0
	730	SUCCESS	4	 6	0.65		34.93	  35.58	              3760.0
	687	SUCCESS	5	 8	0.72		34.86	  35.59	              7376.0
	846	SUCCESS	3	 1	0.28		35.34	  35.63	              13504.0
	841	SUCCESS	4	 4	0.29		35.43	  35.72	              9958.0
	853	SUCCESS	3	 1	0.19		35.63	  35.81	              10448.0
	649	SUCCESS	4	 5	0.4		35.43	  35.83	              9231.0
	806	SUCCESS	5	 7	0.45		35.46	  35.91	              18711.0
	744	SUCCESS	4	 6	0.36		35.58	  35.94	              9749.0
	709	SUCCESS	5	 8	0.45		35.59	  36.03	              13579.0
	818	SUCCESS	5	 7	0.23		35.91	  36.14	              9015.0
	577	SUCCESS	3	 3	0.94		35.22	  36.16	              5854.0
	849	SUCCESS	4	 4	0.5		35.72	  36.22	              4836.0
	592	SUCCESS	3	 3	0.15		36.16	  36.32	              12269.0
	749	SUCCESS	4	 6	0.46		35.94	  36.4	              15244.0
	859	SUCCESS	3	 1	0.61		35.81	  36.43	              15243.0
	714	SUCCESS	5	 8	0.57		36.03	  36.6	              10035.0
	876	SUCCESS	3	 1	0.19		36.43	  36.61	              5704.0
	861	SUCCESS	4	 4	0.41		36.22	  36.63	              12405.0
	656	SUCCESS	4	 5	0.91		35.83	  36.74	              3737.0
	821	SUCCESS	5	 7	0.62		36.14	  36.76	              14414.0
	871	SUCCESS	4	 4	0.22		36.63	  36.85	              6958.0
	726	SUCCESS	5	 8	0.29		36.6	  36.89	              7683.0
	882	SUCCESS	3	 1	0.33		36.61	  36.94	              6322.0
	761	SUCCESS	4	 6	0.56		36.4	  36.96	              15492.0
	595	SUCCESS	3	 3	0.73		36.32	  37.05	              7201.0
	773	SUCCESS	4	 6	0.11		36.96	  37.07	              5243.0
	887	SUCCESS	3	 1	0.22		36.94	  37.16	              17041.0
	879	SUCCESS	4	 4	0.45		36.85	  37.3	              5547.0
	835	SUCCESS	5	 7	0.61		36.76	  37.37	              10320.0
	890	SUCCESS	4	 4	0.11		37.3	  37.41	              8266.0
	732	SUCCESS	5	 8	0.59		36.89	  37.48	              17794.0
	669	SUCCESS	4	 5	0.79		36.74	  37.53	              4144.0
	855	SUCCESS	5	 7	0.22		37.37	  37.59	              11979.0
	683	SUCCESS	4	 5	0.11		37.53	  37.65	              7891.0
	896	SUCCESS	3	 1	0.5		37.16	  37.66	              6073.0
	775	SUCCESS	4	 6	0.69		37.07	  37.76	              10181.0
	606	SUCCESS	3	 3	0.72		37.05	  37.77	              17010.0
	893	SUCCESS	4	 4	0.45		37.41	  37.87	              14539.0
	619	SUCCESS	3	 3	0.2		37.77	  37.97	              9410.0
	685	SUCCESS	4	 5	0.33		37.65	  37.98	              13357.0
	743	SUCCESS	5	 8	0.59		37.48	  38.06	              9992.0
	792	SUCCESS	4	 6	0.36		37.76	  38.12	              6851.0
	857	SUCCESS	5	 7	0.59		37.59	  38.17	              6516.0
	872	SUCCESS	5	 7	0.19		38.17	  38.36	              9738.0
	754	SUCCESS	5	 8	0.41		38.06	  38.47	              4171.0
	622	SUCCESS	3	 3	0.63		37.97	  38.6	              7824.0
	690	SUCCESS	4	 5	0.67		37.98	  38.64	              6526.0
	877	SUCCESS	5	 7	0.32		38.36	  38.68	              14107.0
	706	SUCCESS	4	 5	0.14		38.64	  38.78	              15305.0
	769	SUCCESS	5	 8	0.32		38.47	  38.79	              3053.0
	796	SUCCESS	4	 6	0.77		38.12	  38.89	              11015.0
	881	SUCCESS	5	 7	0.4		38.68	  39.08	              11951.0
	710	SUCCESS	4	 5	0.33		38.78	  39.11	              13881.0
	633	SUCCESS	3	 3	0.59		38.6	  39.19	              15692.0
	813	SUCCESS	4	 6	0.47		38.89	  39.36	              15259.0
	718	SUCCESS	4	 5	0.35		39.11	  39.47	              16471.0
	771	SUCCESS	5	 8	0.77		38.79	  39.56	              7545.0
	894	SUCCESS	5	 7	0.59		39.08	  39.67	              11565.0
	822	SUCCESS	4	 6	0.56		39.36	  39.92	              15837.0
	834	SUCCESS	4	 6	0.11		39.92	  40.03	              16165.0
	642	SUCCESS	3	 3	0.84		39.19	  40.03	              2437.0
	723	SUCCESS	4	 5	0.67		39.47	  40.14	              14616.0
	790	SUCCESS	5	 8	0.71		39.56	  40.27	              10850.0
	657	SUCCESS	3	 3	0.59		40.03	  40.62	              8558.0
	836	SUCCESS	4	 6	0.63		40.03	  40.66	              7301.0
	737	SUCCESS	4	 5	0.74		40.14	  40.87	              11399.0
	799	SUCCESS	5	 8	0.62		40.27	  40.88	              541.0
	854	SUCCESS	4	 6	0.45		40.66	  41.11	              12898.0
	814	SUCCESS	5	 8	0.47		40.88	  41.35	              12436.0
	866	SUCCESS	4	 6	0.26		41.11	  41.37	              10482.0
	664	SUCCESS	3	 3	0.79		40.62	  41.41	              6610.0
	746	SUCCESS	4	 5	0.72		40.87	  41.6	              3689.0
	827	SUCCESS	5	 8	0.27		41.35	  41.62	              16819.0
	677	SUCCESS	3	 3	0.21		41.41	  41.62	              10060.0
	758	SUCCESS	4	 5	0.25		41.6	  41.85	              8914.0
	867	SUCCESS	4	 6	0.58		41.37	  41.96	              10908.0
	829	SUCCESS	5	 8	0.47		41.62	  42.09	              13586.0
	883	SUCCESS	4	 6	0.18		41.96	  42.14	              8861.0
	681	SUCCESS	3	 3	0.65		41.62	  42.27	              11493.0
	839	SUCCESS	5	 8	0.45		42.09	  42.53	              5912.0
	770	SUCCESS	4	 5	0.79		41.85	  42.64	              9812.0
	886	SUCCESS	4	 6	0.61		42.14	  42.75	              18196.0
	784	SUCCESS	4	 5	0.22		42.64	  42.86	              4695.0
	691	SUCCESS	3	 3	0.6		42.27	  42.87	              4400.0
	847	SUCCESS	5	 8	0.43		42.53	  42.96	              8019.0
	898	SUCCESS	4	 6	0.48		42.75	  43.24	              15129.0
	708	SUCCESS	3	 3	0.42		42.87	  43.29	              2331.0
	860	SUCCESS	5	 8	0.48		42.96	  43.44	              15273.0
	785	SUCCESS	4	 5	0.59		42.86	  43.45	              6825.0
	711	SUCCESS	3	 3	0.17		43.29	  43.46	              6252.0
	715	SUCCESS	3	 3	0.23		43.46	  43.69	              7376.0
	870	SUCCESS	5	 8	0.25		43.44	  43.69	              15045.0
	794	SUCCESS	4	 5	0.45		43.45	  43.9	              9222.0
	875	SUCCESS	5	 8	0.36		43.69	  44.05	              6909.0
	880	SUCCESS	5	 8	0.11		44.05	  44.16	              4922.0
	721	SUCCESS	3	 3	0.5		43.69	  44.19	              9399.0
	808	SUCCESS	4	 5	0.78		43.9	  44.68	              16949.0
	884	SUCCESS	5	 8	0.54		44.16	  44.7	              6087.0
	728	SUCCESS	3	 3	0.88		44.19	  45.07	              17015.0
	897	SUCCESS	5	 8	0.42		44.7	  45.12	              10709.0
	820	SUCCESS	4	 5	0.44		44.68	  45.12	              12569.0
	830	SUCCESS	4	 5	0.12		45.12	  45.25	              13620.0
	742	SUCCESS	3	 3	0.52		45.07	  45.59	              7251.0
	831	SUCCESS	4	 5	0.64		45.25	  45.88	              10867.0
	750	SUCCESS	3	 3	0.3		45.59	  45.9	              11244.0
	843	SUCCESS	4	 5	0.16		45.88	  46.05	              1917.0
	762	SUCCESS	3	 3	0.29		45.9	  46.18	              5827.0
	764	SUCCESS	3	 3	0.11		46.18	  46.29	              13756.0
	766	SUCCESS	3	 3	0.41		46.29	  46.7	              4111.0
	845	SUCCESS	4	 5	0.67		46.05	  46.72	              12688.0
	776	SUCCESS	3	 3	0.17		46.7	  46.87	              7611.0
	777	SUCCESS	3	 3	0.14		46.87	  47.02	              4559.0
	858	SUCCESS	4	 5	0.81		46.72	  47.53	              15809.0
	780	SUCCESS	3	 3	0.54		47.02	  47.56	              9562.0
	873	SUCCESS	4	 5	0.81		47.53	  48.34	              16057.0
	791	SUCCESS	3	 3	0.9		47.56	  48.47	              8365.0
	800	SUCCESS	3	 3	0.14		48.47	  48.61	              2523.0
	891	SUCCESS	4	 5	0.41		48.34	  48.75	              13635.0
	803	SUCCESS	3	 3	0.38		48.61	  48.99	              12571.0
	895	SUCCESS	4	 5	0.29		48.75	  49.05	              10861.0
	812	SUCCESS	3	 3	0.42		48.99	  49.41	              19197.0
	823	SUCCESS	3	 3	0.2		49.41	  49.61	              8734.0
	824	SUCCESS	3	 3	0.68		49.61	  50.28	              14100.0
	837	SUCCESS	3	 3	0.51		50.28	  50.8	              11368.0
	840	SUCCESS	3	 3	0.56		50.8	  51.36	              13841.0
	852	SUCCESS	3	 3	0.44		51.36	  51.8	              10904.0
	862	SUCCESS	3	 3	0.42		51.8	  52.22	              5741.0
	868	SUCCESS	3	 3	0.17		52.22	  52.39	              6283.0
	869	SUCCESS	3	 3	0.84		52.39	  53.23	              5648.0
	885	SUCCESS	3	 3	0.17		53.23	  53.4	              10253.0
	888	SUCCESS	3	 3	0.77		53.4	  54.17	              18890.0
	900	SUCCESS	3	 3	0.67		54.17	  54.84	              12867.0
